# Made in Blockbench 4.9.3
mtllib model.mtl

o 1
v 0.32804046965019484 0.811875000000001 1.2976606433522493
v 0.3280404696501946 0.18812500000000076 1.2976606433522497
v 0.06287542670523916 0.8118750000000015 1.562825686297204
v 0.06287542670523882 0.1881250000000012 1.5628256862972045
v -0.297307089961657 0.18812500000000054 0.6723130837403954
v -0.29730708996165656 0.8118750000000008 0.672313083740395
v -0.5624721329066127 0.18812500000000099 0.9374781266853502
v -0.5624721329066122 0.8118750000000012 0.9374781266853498
vt 0.28125 0.9453125
vt 0.390625 0.9453125
vt 0.390625 0.9921875
vt 0.28125 0.9921875
vt 0 1
vt 0 1
vt 0 1
vt 0 1
vt 0.28125 0.9453125
vt 0.390625 0.9453125
vt 0.390625 0.9921875
vt 0.28125 0.9921875
vt 0 1
vt 0 1
vt 0 1
vt 0 1
vt 0.28125 0.8515625
vt 0.390625 0.8515625
vt 0.390625 0.7734375
vt 0.28125 0.7734375
vt 0.28125 0.9375
vt 0.390625 0.9375
vt 0.390625 0.859375
vt 0.28125 0.859375
vn -5.887846720064176e-16 -1 9.813077866773583e-16
vn 0.7071067811865461 2.3551386880256836e-16 0.707106781186549
vn 5.887846720064176e-16 1 -9.813077866773583e-16
vn -0.7071067811865461 -2.3551386880256836e-16 -0.707106781186549
vn 0.707106781186549 -1.0205600981444534e-15 -0.707106781186546
vn -0.707106781186549 1.0205600981444534e-15 0.707106781186546
usemtl m_4e5cbd5f-f568-dd91-0262-263092fc04f7
f 4/4/1 7/3/1 5/2/1 2/1/1
f 3/8/2 4/7/2 2/6/2 1/5/2
f 8/12/3 3/11/3 1/10/3 6/9/3
f 7/16/4 8/15/4 6/14/4 5/13/4
f 6/20/5 1/19/5 2/18/5 5/17/5
f 7/24/6 4/23/6 3/22/6 8/21/6
o 2
v -0.5625 0.8125000000000007 0.9374999999999996
v -0.5625 0.18750000000000067 0.9375
v -0.5625 0.8124999999999996 0.062499999999999445
v -0.5625 0.18749999999999967 0.06250000000000011
v -0.1875000000000001 0.18750000000000056 0.9375000000000002
v -0.1875000000000001 0.8125000000000004 0.9374999999999996
v -0.1874999999999999 0.18749999999999956 0.06250000000000022
v -0.1874999999999999 0.8124999999999996 0.062499999999999556
vt 0.28125 0.9921875
vt 0.28125 0.9453125
vt 0.390625 0.9453125
vt 0.390625 0.9921875
vt 0.28125 0.859375
vt 0.28125 0.9375
vt 0.390625 0.9375
vt 0.390625 0.859375
vt 0.28125 0.9453125
vt 0.28125 0.9921875
vt 0.390625 0.9921875
vt 0.390625 0.9453125
vt 0.28125 0.7734375
vt 0.28125 0.8515625
vt 0.390625 0.8515625
vt 0.390625 0.7734375
vt 0 1
vt 0 1
vt 0 1
vt 0 1
vt 0 1
vt 0 1
vt 0 1
vt 0 1
vn -1.224646799147355e-16 -1 1.1102230246251565e-15
vn -1 1.2246467991473532e-16 -1.8713654303833397e-16
vn 1.224646799147355e-16 1 -1.1102230246251565e-15
vn 1 -1.2246467991473532e-16 1.8713654303833397e-16
vn -1.871365430383338e-16 1.1102230246251565e-15 1
vn 1.871365430383338e-16 -1.1102230246251565e-15 -1
usemtl m_4e5cbd5f-f568-dd91-0262-263092fc04f7
f 12/28/7 15/27/7 13/26/7 10/25/7
f 11/32/8 12/31/8 10/30/8 9/29/8
f 16/36/9 11/35/9 9/34/9 14/33/9
f 15/40/10 16/39/10 14/38/10 13/37/10
f 14/44/11 9/43/11 10/42/11 13/41/11
f 15/48/12 12/47/12 11/46/12 16/45/12
o 3
v -0.29766064335224884 0.8118750000000019 0.3280404696501944
v -0.29766064335224995 0.18812500000000154 0.3280404696501942
v -0.5628256862972032 0.8118750000000023 0.06287542670523827
v -0.5628256862972045 0.1881250000000022 0.06287542670523805
v 0.3276869162596049 0.18812500000000065 -0.2973070899616571
v 0.327686916259606 0.811875000000001 -0.2973070899616569
v 0.06252187331465042 0.18812500000000132 -0.5624721329066131
v 0.06252187331465164 0.8118750000000015 -0.5624721329066131
vt 0.28125 0.9453125
vt 0.390625 0.9453125
vt 0.390625 0.9921875
vt 0.28125 0.9921875
vt 0 1
vt 0 1
vt 0 1
vt 0 1
vt 0.28125 0.9453125
vt 0.390625 0.9453125
vt 0.390625 0.9921875
vt 0.28125 0.9921875
vt 0 1
vt 0 1
vt 0 1
vt 0 1
vt 0.28125 0.8515625
vt 0.390625 0.8515625
vt 0.390625 0.7734375
vt 0.28125 0.7734375
vt 0.28125 0.9375
vt 0.390625 0.9375
vt 0.390625 0.859375
vt 0.28125 0.859375
vn -2.0018678848218116e-15 -1 -5.102800490722328e-16
vn -0.7071067811865496 1.099064721078647e-15 0.7071067811865455
vn 2.0018678848218116e-15 1 5.102800490722328e-16
vn 0.7071067811865496 -1.099064721078647e-15 -0.7071067811865455
vn 0.7071067811865455 -1.5700924586837718e-15 0.7071067811865496
vn -0.7071067811865455 1.5700924586837718e-15 -0.7071067811865496
usemtl m_4e5cbd5f-f568-dd91-0262-263092fc04f7
f 20/52/13 23/51/13 21/50/13 18/49/13
f 19/56/14 20/55/14 18/54/14 17/53/14
f 24/60/15 19/59/15 17/58/15 22/57/15
f 23/64/16 24/63/16 22/62/16 21/61/16
f 22/68/17 17/67/17 18/66/17 21/65/17
f 23/72/18 20/71/18 19/70/18 24/69/18
o 4
v 0.06250000000000422 0.812500000000006 -0.5625
v 0.06249999999999578 0.187500000000006 -0.5625
v 0.9375000000000042 0.8124999999999942 -0.5625
v 0.9374999999999958 0.18749999999999423 -0.5625
v 0.06249999999999578 0.187500000000006 -0.1875
v 0.06250000000000422 0.812500000000006 -0.1875
v 0.9374999999999958 0.18749999999999423 -0.1875
v 0.9375000000000042 0.8124999999999942 -0.1875
vt 0.28125 0.9921875
vt 0.28125 0.9453125
vt 0.390625 0.9453125
vt 0.390625 0.9921875
vt 0.28125 0.859375
vt 0.28125 0.9375
vt 0.390625 0.9375
vt 0.390625 0.859375
vt 0.28125 0.9453125
vt 0.28125 0.9921875
vt 0.390625 0.9921875
vt 0.390625 0.9453125
vt 0.28125 0.7734375
vt 0.28125 0.8515625
vt 0.390625 0.8515625
vt 0.390625 0.7734375
vt 0 1
vt 0 1
vt 0 1
vt 0 1
vt 0 1
vt 0 1
vt 0 1
vt 0 1
vn -1.3433698597964394e-14 -1 -5.551115123125783e-17
vn -5.5511151231256336e-17 1.110223024625164e-16 -1
vn 1.3433698597964394e-14 1 5.551115123125783e-17
vn 5.5511151231256336e-17 -1.110223024625164e-16 1
vn -1 1.3378187446733136e-14 7.4263858655571814e-31
vn 1 -1.3378187446733136e-14 -7.4263858655571814e-31
usemtl m_4e5cbd5f-f568-dd91-0262-263092fc04f7
f 28/76/19 31/75/19 29/74/19 26/73/19
f 27/80/20 28/79/20 26/78/20 25/77/20
f 32/84/21 27/83/21 25/82/21 30/81/21
f 31/88/22 32/87/22 30/86/22 29/85/22
f 30/92/23 25/91/23 26/90/23 29/89/23
f 31/96/24 28/95/24 27/94/24 32/93/24
o 5
v 0.6719595303498007 0.811875000000001 -0.2976606433522503
v 0.6719595303498016 0.18812500000000065 -0.2976606433522505
v 0.9371245732947551 0.8118750000000015 -0.5628256862972063
v 0.9371245732947562 0.18812500000000132 -0.5628256862972063
v 1.2973070899616566 0.18812500000000154 0.3276869162596008
v 1.2973070899616554 0.8118750000000019 0.327686916259601
v 1.5624721329066111 0.1881250000000022 0.06252187331464465
v 1.5624721329066098 0.8118750000000023 0.06252187331464487
vt 0.28125 0.9453125
vt 0.390625 0.9453125
vt 0.390625 0.9921875
vt 0.28125 0.9921875
vt 0 1
vt 0 1
vt 0 1
vt 0 1
vt 0.28125 0.9453125
vt 0.390625 0.9453125
vt 0.390625 0.9921875
vt 0.28125 0.9921875
vt 0 1
vt 0 1
vt 0 1
vt 0 1
vt 0.28125 0.8515625
vt 0.390625 0.8515625
vt 0.390625 0.7734375
vt 0.28125 0.7734375
vt 0.28125 0.9375
vt 0.390625 0.9375
vt 0.390625 0.859375
vt 0.28125 0.859375
vn 2.0018678848218116e-15 -1 -5.102800490722328e-16
vn -0.7071067811865496 -1.099064721078647e-15 -0.7071067811865455
vn -2.0018678848218116e-15 1 5.102800490722328e-16
vn 0.7071067811865496 1.099064721078647e-15 0.7071067811865455
vn -0.7071067811865455 -1.5700924586837718e-15 0.7071067811865496
vn 0.7071067811865455 1.5700924586837718e-15 -0.7071067811865496
usemtl m_4e5cbd5f-f568-dd91-0262-263092fc04f7
f 36/100/25 39/99/25 37/98/25 34/97/25
f 35/104/26 36/103/26 34/102/26 33/101/26
f 40/108/27 35/107/27 33/106/27 38/105/27
f 39/112/28 40/111/28 38/110/28 37/109/28
f 38/116/29 33/115/29 34/114/29 37/113/29
f 39/120/30 36/119/30 35/118/30 40/117/30
o 6
v 1.5625 0.8124999999999996 0.062499999999999556
v 1.5625 0.18749999999999944 0.06250000000000044
v 1.5625 0.8125000000000004 0.9374999999999996
v 1.5625 0.18750000000000056 0.9375000000000004
v 1.1875 0.18749999999999944 0.06250000000000044
v 1.1875 0.8124999999999996 0.062499999999999556
v 1.1875 0.18750000000000056 0.9375000000000004
v 1.1875 0.8125000000000004 0.9374999999999996
vt 0.28125 0.9921875
vt 0.28125 0.9453125
vt 0.390625 0.9453125
vt 0.390625 0.9921875
vt 0.28125 0.859375
vt 0.28125 0.9375
vt 0.390625 0.9375
vt 0.390625 0.859375
vt 0.28125 0.9453125
vt 0.28125 0.9921875
vt 0.390625 0.9921875
vt 0.390625 0.9453125
vt 0.28125 0.7734375
vt 0.28125 0.8515625
vt 0.390625 0.8515625
vt 0.390625 0.7734375
vt 0 1
vt 0 1
vt 0 1
vt 0 1
vt 0 1
vt 0 1
vt 0 1
vt 0 1
vn 0 -1 1.3322676295501878e-15
vn 1 0 0
vn 0 1 -1.3322676295501878e-15
vn -1 0 0
vn 0 -1.3322676295501878e-15 -1
vn 0 1.3322676295501878e-15 1
usemtl m_4e5cbd5f-f568-dd91-0262-263092fc04f7
f 44/124/31 47/123/31 45/122/31 42/121/31
f 43/128/32 44/127/32 42/126/32 41/125/32
f 48/132/33 43/131/33 41/130/33 46/129/33
f 47/136/34 48/135/34 46/134/34 45/133/34
f 46/140/35 41/139/35 42/138/35 45/137/35
f 47/144/36 44/143/36 43/142/36 48/141/36
o 7
v 1.29766064335225 0.8118750000000008 0.6719595303498016
v 1.2976606433522504 0.18812500000000054 0.6719595303498023
v 1.5628256862972059 0.8118750000000012 0.9371245732947564
v 1.5628256862972059 0.18812500000000099 0.9371245732947568
v 0.6723130837403988 0.18812500000000076 1.2973070899616563
v 0.6723130837403986 0.811875000000001 1.297307089961656
v 0.9374781266853545 0.1881250000000012 1.5624721329066111
v 0.9374781266853542 0.8118750000000015 1.5624721329066107
vt 0.28125 0.9453125
vt 0.390625 0.9453125
vt 0.390625 0.9921875
vt 0.28125 0.9921875
vt 0 1
vt 0 1
vt 0 1
vt 0 1
vt 0.28125 0.9453125
vt 0.390625 0.9453125
vt 0.390625 0.9921875
vt 0.28125 0.9921875
vt 0 1
vt 0 1
vt 0 1
vt 0 1
vt 0.28125 0.8515625
vt 0.390625 0.8515625
vt 0.390625 0.7734375
vt 0.28125 0.7734375
vt 0.28125 0.9375
vt 0.390625 0.9375
vt 0.390625 0.859375
vt 0.28125 0.859375
vn 5.887846720064176e-16 -1 9.813077866773583e-16
vn 0.7071067811865461 -2.3551386880256836e-16 -0.707106781186549
vn -5.887846720064176e-16 1 -9.813077866773583e-16
vn -0.7071067811865461 2.3551386880256836e-16 0.707106781186549
vn -0.707106781186549 -1.0205600981444534e-15 -0.707106781186546
vn 0.707106781186549 1.0205600981444534e-15 0.707106781186546
usemtl m_4e5cbd5f-f568-dd91-0262-263092fc04f7
f 52/148/37 55/147/37 53/146/37 50/145/37
f 51/152/38 52/151/38 50/150/38 49/149/38
f 56/156/39 51/155/39 49/154/39 54/153/39
f 55/160/40 56/159/40 54/158/40 53/157/40
f 54/164/41 49/163/41 50/162/41 53/161/41
f 55/168/42 52/167/42 51/166/42 56/165/42
o 8
v 0.9374999999999958 0.8125000000000058 1.5625
v 0.9375000000000042 0.18750000000000577 1.5625
v 0.06249999999999578 0.812499999999994 1.5625
v 0.06250000000000422 0.187499999999994 1.5625
v 0.9375000000000042 0.18750000000000577 1.1875
v 0.9374999999999958 0.8125000000000058 1.1875
v 0.06250000000000422 0.187499999999994 1.1875
v 0.06249999999999578 0.812499999999994 1.1875
vt 0.28125 0.9921875
vt 0.28125 0.9453125
vt 0.390625 0.9453125
vt 0.390625 0.9921875
vt 0.28125 0.859375
vt 0.28125 0.9375
vt 0.390625 0.9375
vt 0.390625 0.859375
vt 0.28125 0.9453125
vt 0.28125 0.9921875
vt 0.390625 0.9921875
vt 0.390625 0.9453125
vt 0.28125 0.7734375
vt 0.28125 0.8515625
vt 0.390625 0.8515625
vt 0.390625 0.7734375
vt 0 1
vt 0 1
vt 0 1
vt 0 1
vt 0 1
vt 0 1
vt 0 1
vt 0 1
vn 1.3433698597964394e-14 -1 -5.551115123125783e-17
vn -5.5511151231256336e-17 -1.110223024625164e-16 1
vn -1.3433698597964394e-14 1 5.551115123125783e-17
vn 5.5511151231256336e-17 1.110223024625164e-16 -1
vn 1 1.3378187446733136e-14 7.4263858655571814e-31
vn -1 -1.3378187446733136e-14 -7.4263858655571814e-31
usemtl m_4e5cbd5f-f568-dd91-0262-263092fc04f7
f 60/172/43 63/171/43 61/170/43 58/169/43
f 59/176/44 60/175/44 58/174/44 57/173/44
f 64/180/45 59/179/45 57/178/45 62/177/45
f 63/184/46 64/183/46 62/182/46 61/181/46
f 62/188/47 57/187/47 58/186/47 61/185/47
f 63/192/48 60/191/48 59/190/48 64/189/48
o 9
v 0.5624999999999996 0.5625000000000002 1.1875
v 0.5625000000000004 0.4375000000000002 1.1875
v 0.44374999999999976 0.5624999999999996 1.1875
v 0.4437500000000003 0.43749999999999967 1.1875
v 0.5625000000000004 0.43750000000000033 -0.1875
v 0.5624999999999996 0.5625000000000004 -0.1875
v 0.4437500000000003 0.4374999999999998 -0.1875
v 0.44374999999999976 0.5624999999999998 -0.1875
vt 0.3984375 0.8203125
vt 0.3984375 0.9921875
vt 0.4140625 0.9921875
vt 0.4140625 0.8203125
vt 0 1
vt 0 1
vt 0 1
vt 0 1
vt 0.3984375 0.8203125
vt 0.3984375 0.9921875
vt 0.4140625 0.9921875
vt 0.4140625 0.8203125
vt 0 1
vt 0 1
vt 0 1
vt 0 1
vt 0.3984375 0.8203125
vt 0.3984375 0.9921875
vt 0.4140625 0.9921875
vt 0.4140625 0.8203125
vt 0.3984375 0.8203125
vt 0.3984375 0.9921875
vt 0.4140625 0.9921875
vt 0.4140625 0.8203125
vn 4.884981308350689e-15 -1 -5.551115123125783e-17
vn -5.5511151231257285e-17 -1.1102230246251593e-16 1
vn -4.884981308350689e-15 1 5.551115123125783e-17
vn 5.5511151231257285e-17 1.1102230246251593e-16 -1
vn 1 4.884981308350689e-15 2.711709361697228e-31
vn -1 -4.884981308350689e-15 -2.711709361697228e-31
usemtl m_4e5cbd5f-f568-dd91-0262-263092fc04f7
f 68/196/49 71/195/49 69/194/49 66/193/49
f 67/200/50 68/199/50 66/198/50 65/197/50
f 72/204/51 67/203/51 65/202/51 70/201/51
f 71/208/52 72/207/52 70/206/52 69/205/52
f 70/212/53 65/211/53 66/210/53 69/209/53
f 71/216/54 68/215/54 67/214/54 72/213/54
o 10
v 0.05805826175840623 0.5625000000000007 1.0303300858899094
v 0.058058261758406005 0.43750000000000067 1.0303300858899094
v -0.03033008588991193 0.5625000000000009 0.9419417382415907
v -0.03033008588991215 0.4375000000000009 0.9419417382415907
v 1.0303300858899118 0.4374999999999991 0.058058261758409335
v 1.0303300858899123 0.5624999999999991 0.058058261758409335
v 0.9419417382415938 0.43749999999999933 -0.030330085889909375
v 0.941941738241594 0.5624999999999993 -0.030330085889909375
vt 0.3984375 0.8203125
vt 0.3984375 0.9921875
vt 0.4140625 0.9921875
vt 0.4140625 0.8203125
vt 0 1
vt 0 1
vt 0 1
vt 0 1
vt 0.3984375 0.8203125
vt 0.3984375 0.9921875
vt 0.4140625 0.9921875
vt 0.4140625 0.8203125
vt 0 1
vt 0 1
vt 0 1
vt 0 1
vt 0.3984375 0.8203125
vt 0.3984375 0.9921875
vt 0.4140625 0.9921875
vt 0.4140625 0.8203125
vt 0.3984375 0.8203125
vt 0.3984375 0.9921875
vt 0.4140625 0.9921875
vt 0.4140625 0.8203125
vn -2.0018678848218116e-15 -1 -5.102800490722328e-16
vn -0.7071067811865496 1.099064721078647e-15 0.7071067811865455
vn 2.0018678848218116e-15 1 5.102800490722328e-16
vn 0.7071067811865496 -1.099064721078647e-15 -0.7071067811865455
vn 0.7071067811865455 -1.5700924586837718e-15 0.7071067811865496
vn -0.7071067811865455 1.5700924586837718e-15 -0.7071067811865496
usemtl m_4e5cbd5f-f568-dd91-0262-263092fc04f7
f 76/220/55 79/219/55 77/218/55 74/217/55
f 75/224/56 76/223/56 74/222/56 73/221/56
f 80/228/57 75/227/57 73/226/57 78/225/57
f 79/232/58 80/231/58 78/230/58 77/229/58
f 78/236/59 73/235/59 74/234/59 77/233/59
f 79/240/60 76/239/60 75/238/60 80/237/60
o 11
v 1.1875 0.5625 0.4374999999999999
v 1.1875 0.4374999999999999 0.4375000000000001
v 1.1875 0.5625 0.5562499999999999
v 1.1875 0.4375 0.5562499999999999
v -0.1875 0.4374999999999999 0.4375000000000001
v -0.1875 0.5625 0.4374999999999999
v -0.1875 0.4375 0.5562499999999999
v -0.1875 0.5625 0.5562499999999999
vt 0.3984375 0.8203125
vt 0.3984375 0.9921875
vt 0.4140625 0.9921875
vt 0.4140625 0.8203125
vt 0 1
vt 0 1
vt 0 1
vt 0 1
vt 0.3984375 0.8203125
vt 0.3984375 0.9921875
vt 0.4140625 0.9921875
vt 0.4140625 0.8203125
vt 0 1
vt 0 1
vt 0 1
vt 0 1
vt 0.3984375 0.8203125
vt 0.3984375 0.9921875
vt 0.4140625 0.9921875
vt 0.4140625 0.8203125
vt 0.3984375 0.8203125
vt 0.3984375 0.9921875
vt 0.4140625 0.9921875
vt 0.4140625 0.8203125
vn 0 -1 1.3322676295501878e-15
vn 1 0 0
vn 0 1 -1.3322676295501878e-15
vn -1 0 0
vn 0 -1.3322676295501878e-15 -1
vn 0 1.3322676295501878e-15 1
usemtl m_4e5cbd5f-f568-dd91-0262-263092fc04f7
f 84/244/61 87/243/61 85/242/61 82/241/61
f 83/248/62 84/247/62 82/246/62 81/245/62
f 88/252/63 83/251/63 81/250/63 86/249/63
f 87/256/64 88/255/64 86/254/64 85/253/64
f 86/260/65 81/259/65 82/258/65 85/257/65
f 87/264/66 84/263/66 83/262/66 88/261/66
o 12
v 0.75 0.8749999999999996 0.24999999999999956
v 0.75 0.12499999999999967 0.25000000000000044
v 0.75 0.8750000000000004 0.7499999999999996
v 0.75 0.12500000000000033 0.7500000000000004
v 0.25 0.12499999999999967 0.25000000000000044
v 0.25 0.8749999999999996 0.24999999999999956
v 0.25 0.12500000000000033 0.7500000000000004
v 0.25 0.8750000000000004 0.7499999999999996
vt 0.609375 1
vt 0.671875 1
vt 0.671875 0.9375
vt 0.609375 0.9375
vt 0.53125 0.90625
vt 0.53125 1
vt 0.59375 1
vt 0.59375 0.90625
vt 0.609375 1
vt 0.671875 1
vt 0.671875 0.9375
vt 0.609375 0.9375
vt 0.53125 0.90625
vt 0.53125 1
vt 0.59375 1
vt 0.59375 0.90625
vt 0.53125 1
vt 0.59375 1
vt 0.59375 0.90625
vt 0.53125 0.90625
vt 0.53125 1
vt 0.59375 1
vt 0.59375 0.90625
vt 0.53125 0.90625
vn 0 -1 1.3322676295501878e-15
vn 1 0 0
vn 0 1 -1.3322676295501878e-15
vn -1 0 0
vn 0 -1.3322676295501878e-15 -1
vn 0 1.3322676295501878e-15 1
usemtl m_4e5cbd5f-f568-dd91-0262-263092fc04f7
f 92/268/67 95/267/67 93/266/67 90/265/67
f 91/272/68 92/271/68 90/270/68 89/269/68
f 96/276/69 91/275/69 89/274/69 94/273/69
f 95/280/70 96/279/70 94/278/70 93/277/70
f 94/284/71 89/283/71 90/282/71 93/281/71
f 95/288/72 92/287/72 91/286/72 96/285/72
o 13
v 1.0303300858899105 0.5625 0.9419417382415927
v 1.03033008588991 0.4375 0.9419417382415929
v 0.9463611556240079 0.5625000000000004 1.025910668507495
v 0.9463611556240075 0.43750000000000044 1.0259106685074952
v 0.058058261758408114 0.43749999999999956 -0.03033008588991104
v 0.058058261758408336 0.5624999999999996 -0.030330085889911262
v -0.02591066850749446 0.4374999999999999 0.053638844375991535
v -0.02591066850749424 0.5625 0.0536388443759912
vt 0.3984375 0.8203125
vt 0.3984375 0.9921875
vt 0.4140625 0.9921875
vt 0.4140625 0.8203125
vt 0 1
vt 0 1
vt 0 1
vt 0 1
vt 0.3984375 0.8203125
vt 0.3984375 0.9921875
vt 0.4140625 0.9921875
vt 0.4140625 0.8203125
vt 0 1
vt 0 1
vt 0 1
vt 0 1
vt 0.3984375 0.8203125
vt 0.3984375 0.9921875
vt 0.4140625 0.9921875
vt 0.4140625 0.8203125
vt 0.3984375 0.8203125
vt 0.3984375 0.9921875
vt 0.4140625 0.9921875
vt 0.4140625 0.8203125
vn -1.6485970816179649e-15 -1 2.119624819223094e-15
vn 0.707106781186547 5.495323605393231e-16 0.707106781186548
vn 1.6485970816179649e-15 1 -2.119624819223094e-15
vn -0.707106781186547 -5.495323605393231e-16 -0.707106781186548
vn 0.7071067811865481 -2.5906525568282277e-15 -0.7071067811865468
vn -0.7071067811865481 2.5906525568282277e-15 0.7071067811865468
usemtl m_4e5cbd5f-f568-dd91-0262-263092fc04f7
f 100/292/73 103/291/73 101/290/73 98/289/73
f 99/296/74 100/295/74 98/294/74 97/293/74
f 104/300/75 99/299/75 97/298/75 102/297/75
f 103/304/76 104/303/76 102/302/76 101/301/76
f 102/308/77 97/307/77 98/306/77 101/305/77
f 103/312/78 100/311/78 99/310/78 104/309/78